FILEID
80401201810110000031557804031557
80401201810110000031745804031745
80401201810110000035479804035479
80401201810110000035811804035811
80401201810110000037083804037083
80401201810110000037809804037809
80401201810110000037981804037981
80401201810110000039738804039738
80401201810110000043206804043206
80401201810110000043216804043216
80401201810110000043224804043224
80401201810110000043269804043269
80401201810110000043308804043308
80401201810110000043323804043323
80401201810110000043329804043329
80401201810110000043347804043347
80401201810110000030947804030947
80401201810110000031057804031057
80401201810110000043350804043350
80401201810110000043359804043359
80401201810110000043365804043365
80401201810110000043377804043377
80401201810110000043455804043455
80401201810110000043461804043461
80401201810110000043464804043464
80401201810110000043473804043473
80401201810110000044574804044574
80401201810110000044586804044586
80401201810110000044602804044602
80401201810110000044619804044619
80401201810110000044650804044650
80401201810110000044744804044744
80401201810110000044789804044789
80401201810110000031558804031558
80401201810110000035229804035229
80401201810110000035707804035707
80401201810110000038798804038798
80401201810110000039696804039696
80401201810110000041809804041809
80401201810110000043201804043201
80401201810110000043242804043242
80401201810110000043248804043248
80401201810110000043254804043254
80401201810110000043257804043257
80401201810110000043260804043260
80401201810110000043272804043272
80401201810110000043275804043275
80401201810110000043344804043344
80401201810110000043356804043356
80401201810110000043422804043422
80401201810110000043428804043428
80401201810110000043440804043440
80401201810110000043494804043494
80401201810110000030948804030948
80401201810110000031451804031451
80401201810110000044436804044436
80401201810110000044583804044583
80401201810110000044589804044589
80401201810110000044592804044592
80401201810110000044727804044727
80401201810110000044858804044858
80401201810110000044931804044931
80401201810110000044934804044934
80401201810110000044937804044937
80401201810110000044940804044940
80401201810110000044960804044960
80401201810110000035318804035318
80401201810110000035561804035561
80401201810110000035900804035900
80401201810110000036027804036027
80401201810110000036829804036829
80401201810110000037581804037581
80401201810110000039908804039908
80401201810110000039981804039981
80401201810110000041655804041655
80401201810110000043186804043186
80401201810110000043236804043236
80401201810110000043316804043316
80401201810110000043362804043362
80401201810110000043368804043368
80401201810110000043390804043390
80401201810110000043416804043416
80401201810110000043425804043425
80401201810110000043434804043434
80401201810110000043452804043452
80401201810110000030911804030911
80401201810110000031561804031561
80401201810110000043458804043458
80401201810110000044560804044560
80401201810110000044700804044700
80401201810110000044928804044928
80401201810110000044969804044969
80401201810110000044999804044999
80401201810110000045018804045018
80401201810110000045029804045029
80401201810110000045052804045052
80401201810110000045069804045069
80401201810110000045110804045110
80401201810110000045254804045254
80401201810110000031653804031653
80401201810110000031746804031746
80401201810110000035414804035414
80401201810110000036508804036508
80401201810110000037340804037340
80401201810110000039426804039426
80401201810110000039465804039465
80401201810110000041100804041100
80401201810110000042006804042006
80401201810110000043245804043245
80401201810110000043278804043278
80401201810110000043290804043290
80401201810110000031153804031153
80401201810110000031255804031255
80401201810110000043320804043320
80401201810110000043326804043326
80401201810110000043335804043335
80401201810110000043338804043338
80401201810110000043371804043371
80401201810110000043431804043431
80401201810110000043467804043467
80401201810110000043476804043476
80401201810110000044250804044250
80401201810110000044256804044256
80401201810110000044270804044270
80401201810110000044285804044285
80401201810110000044311804044311
80401201810110000044334804044334
80401201810110000044667804044667
80401201810110000044681804044681
80401201810110000044717804044717
80401201810110000044925804044925
80401201810110000044979804044979
80401201810110000031651804031651
80401201810110000036226804036226
80401201810110000039094804039094
80401201810110000039933804039933
80401201810110000040104804040104
80401201810110000043209804043209
80401201810110000043221804043221
80401201810110000043227804043227
80401201810110000043230804043230
80401201810110000043233804043233
80401201810110000043239804043239
80401201810110000043251804043251
80401201810110000043263804043263
80401201810110000043266804043266
80401201810110000043305804043305
80401201810110000043332804043332
80401201810110000043341804043341
80401201810110000043353804043353
80401201810110000043374804043374
80401201810110000043403804043403
80401201810110000043407804043407
80401201810110000043410804043410
80401201810110000043437804043437
80401201810110000043443804043443
80401201810110000031341804031341
80401201810110000031453804031453
80401201810110000043446804043446
80401201810110000043449804043449
80401201810110000043470804043470
80401201810110000043479804043479
80401201810110000044357804044357
80401201810110000044577804044577
80401201810110000044580804044580
80401201810110000045789804045789
80401201810110000050409804050409
80401201810110000050471804050471
80401201810110000050756804050756
80401201810110000050797804050797
80401201810110000050901804050901
80401201810110000051067804051067
80401201810110000051174804051174
80401201810110000051215804051215
80401201810110000051222804051222
80401201810110000051271804051271
80401201810110000051337804051337
80401201810110000051388804051388
80401201810110000051482804051482
80401201810110000051549804051549
80401201810110000051692804051692
80401201810110000051789804051789
80401201810110000051883804051883
80401201810110000052162804052162
80401201810110000052355804052355
80401201810110000052393804052393
80401201810110000052408804052408
80401201810110000052517804052517
80401201810110000052637804052637
80401201810110000052675804052675
80401201810110000052841804052841
80401201810110000052896804052896
80401201810110000052976804052976
80401201810110000053044804053044
80401201810110000053143804053143
80401201810110000053433804053433
80401201810110000053463804053463
80401201810110000053641804053641
80401201810110000045389804045389
80401201810110000045559804045559
80401201810110000046234804046234
80401201810110000050443804050443
80401201810110000050647804050647
80401201810110000050745804050745
80401201810110000050768804050768
80401201810110000050926804050926
80401201810110000051036804051036
80401201810110000051139804051139
80401201810110000051449804051449
80401201810110000051613804051613
80401201810110000052022804052022
80401201810110000052144804052144
80401201810110000052276804052276
80401201810110000052496804052496
80401201810110000052506804052506
80401201810110000052864804052864
80401201810110000052926804052926
80401201810110000052993804052993
80401201810110000052999804052999
80401201810110000053281804053281
80401201810110000053665804053665
80401201810110000053704804053704
80401201810110000053713804053713
80401201810110000053760804053760
80401201810110000053791804053791
80401201810110000053958804053958
80401201810110000054312804054312
80401201810110000054331804054331
80401201810110000054384804054384
80401201810110000054621804054621
80401201810110000054676804054676
80401201810110000050403804050403
80401201810110000050731804050731
80401201810110000050762804050762
80401201810110000050781804050781
80401201810110000050829804050829
80401201810110000050874804050874
80401201810110000051562804051562
80401201810110000051594804051594
80401201810110000051633804051633
80401201810110000051907804051907
80401201810110000051933804051933
80401201810110000051984804051984
80401201810110000052060804052060
80401201810110000052128804052128
80401201810110000052211804052211
80401201810110000052419804052419
80401201810110000052628804052628
80401201810110000052950804052950
80401201810110000053032804053032
80401201810110000053131804053131
80401201810110000053221804053221
80401201810110000053405804053405
80401201810110000053450804053450
80401201810110000053479804053479
80401201810110000053531804053531
80401201810110000053743804053743
80401201810110000054056804054056
80401201810110000054097804054097
80401201810110000054132804054132
80401201810110000054222804054222
80401201810110000054267804054267
80401201810110000054514804054514
80401201810110000054750804054750
80401201810110000045912804045912
80401201810110000050478804050478
80401201810110000050503804050503
80401201810110000050531804050531
80401201810110000050614804050614
80401201810110000050814804050814
80401201810110000050944804050944
80401201810110000050960804050960
80401201810110000050995804050995
80401201810110000051417804051417
80401201810110000051513804051513
80401201810110000051654804051654
80401201810110000051763804051763
80401201810110000051953804051953
80401201810110000052200804052200
80401201810110000052298804052298
80401201810110000052328804052328
80401201810110000052375804052375
80401201810110000052441804052441
80401201810110000052687804052687
80401201810110000052746804052746
80401201810110000052785804052785
80401201810110000053004804053004
80401201810110000053019804053019
80401201810110000053096804053096
80401201810110000053345804053345
80401201810110000053493804053493
80401201810110000053576804053576
80401201810110000053827804053827
80401201810110000053882804053882
80401201810110000054053804054053
80401201810110000054065804054065
80401201810110000054412804054412
80401201810110000045482804045482
80401201810110000045630804045630
80401201810110000045970804045970
80401201810110000046093804046093
80401201810110000050429804050429
80401201810110000051160804051160
80401201810110000051359804051359
80401201810110000051706804051706
80401201810110000051846804051846
80401201810110000051898804051898
80401201810110000051918804051918
80401201810110000052108804052108
80401201810110000052238804052238
80401201810110000052259804052259
80401201810110000052289804052289
80401201810110000052553804052553
80401201810110000052620804052620
80401201810110000052652804052652
80401201810110000052725804052725
80401201810110000053118804053118
80401201810110000053333804053333
80401201810110000053565804053565
80401201810110000053602804053602
80401201810110000054007804054007
80401201810110000054044804054044
80401201810110000054172804054172
80401201810110000054192804054192
80401201810110000054235804054235
80401201810110000054444804054444
80401201810110000054494804054494
80401201810110000054537804054537
80401201810110000054593804054593
80401201810110000054754804054754
80401201810110000046025804046025
80401201810110000046134804046134
80401201810110000046148804046148
80401201810110000050462804050462
80401201810110000050491804050491
80401201810110000050497804050497
80401201810110000050562804050562
80401201810110000050666804050666
80401201810110000050851804050851
80401201810110000050888804050888
80401201810110000051110804051110
80401201810110000051190804051190
80401201810110000051201804051201
80401201810110000051295804051295
80401201810110000051310804051310
80401201810110000051323804051323
80401201810110000051407804051407
80401201810110000051569804051569
80401201810110000051968804051968
80401201810110000052083804052083
80401201810110000052573804052573
80401201810110000052760804052760
80401201810110000052777804052777
80401201810110000052814804052814
80401201810110000052873804052873
80401201810110000053315804053315
80401201810110000053519804053519
80401201810110000053699804053699
80401201810110000053725804053725
80401201810110000053846804053846
80401201810110000054035804054035
80401201810110000054293804054293
80401201810110000054355804054355
80401201810110000046162804046162
80401201810110000046210804046210
80401201810110000046223804046223
80401201810110000050449804050449
80401201810110000050522804050522
80401201810110000050546804050546
80401201810110000050575804050575
80401201810110000050840804050840
80401201810110000050860804050860
80401201810110000051020804051020
80401201810110000051207804051207
80401201810110000051249804051249
80401201810110000051575804051575
80401201810110000051580804051580
80401201810110000051828804051828
80401201810110000052011804052011
80401201810110000052040804052040
80401201810110000052284804052284
80401201810110000052316804052316
80401201810110000052599804052599
80401201810110000052983804052983
80401201810110000053084804053084
80401201810110000053201804053201
80401201810110000053247804053247
80401201810110000053350804053350
80401201810110000053368804053368
80401201810110000053379804053379
80401201810110000053687804053687
80401201810110000053980804053980
80401201810110000054078804054078
80401201810110000054399804054399
80401201810110000054404804054404
80401201810110000054433804054433
80401201810110000046177804046177
80401201810110000050594804050594
80401201810110000051123804051123
80401201810110000051128804051128
80401201810110000051230804051230
80401201810110000051492804051492
80401201810110000051530804051530
80401201810110000051672804051672
80401201810110000051736804051736
80401201810110000051862804051862
80401201810110000051927804051927
80401201810110000052269804052269
80401201810110000052464804052464
80401201810110000052645804052645
80401201810110000053171804053171
80401201810110000053629804053629
80401201810110000053811804053811
80401201810110000053872804053872
80401201810110000053923804053923
80401201810110000053938804053938
80401201810110000054152804054152
80401201810110000054461804054461
80401201810110000054546804054546
80401201810110000054572804054572
80401201810110000054579804054579
80401201810110000054652804054652
80401201810110000054700804054700
80401201810110000054739804054739
80401201810110000054758804054758
80401201810110000054768804054768
80401201810110000054784804054784
80401201810110000054793804054793
80401201810110000054814804054814
80401201810110000054926804054926
80401201810110000054950804054950
80401201810110000055251804055251
80401201810110000055295804055295
80401201810110000055352804055352
80401201810110000055824804055824
80401201810110000055903804055903
80401201810110000055952804055952
80401201810110000056021804056021
80401201810110000056099804056099
80401201810110000056233804056233
80401201810110000056320804056320
80401201810110000056407804056407
80401201810110000056471804056471
80401201810110000056555804056555
80401201810110000056600804056600
80401201810110000056809804056809
80401201810110000056877804056877
80401201810110000056882804056882
80401201810110000057101804057101
80401201810110000057287804057287
80401201810110000057349804057349
80401201810110000057455804057455
80401201810110000057481804057481
80401201810110000057814804057814
80401201810110000057982804057982
80401201810110000058154804058154
80401201810110000058394804058394
80401201810110000058465804058465
80401201810110000058484804058484
80401201810110000058644804058644
80401201810110000058666804058666
80401201810110000058717804058717
80401201810110000055026804055026
80401201810110000055084804055084
80401201810110000055111804055111
80401201810110000055134804055134
80401201810110000055183804055183
80401201810110000055200804055200
80401201810110000055410804055410
80401201810110000055818804055818
80401201810110000056180804056180
80401201810110000056434804056434
80401201810110000056495804056495
80401201810110000056618804056618
80401201810110000056962804056962
80401201810110000057076804057076
80401201810110000057232804057232
80401201810110000057387804057387
80401201810110000057589804057589
80401201810110000057805804057805
80401201810110000058021804058021
80401201810110000058068804058068
80401201810110000058277804058277
80401201810110000058657804058657
80401201810110000058674804058674
80401201810110000058698804058698
80401201810110000058734804058734
80401201810110000058744804058744
80401201810110000058772804058772
80401201810110000058786804058786
80401201810110000058814804058814
80401201810110000058826804058826
80401201810110000058848804058848
80401201810110000058868804058868
80401201810110000058894804058894
80401201810110000054863804054863
80401201810110000055439804055439
80401201810110000055463804055463
80401201810110000055614804055614
80401201810110000055662804055662
80401201810110000055858804055858
80401201810110000055999804055999
80401201810110000056201804056201
80401201810110000056536804056536
80401201810110000056576804056576
80401201810110000056948804056948
80401201810110000057163804057163
80401201810110000057208804057208
80401201810110000057405804057405
80401201810110000057674804057674
80401201810110000057889804057889
80401201810110000058103804058103
80401201810110000058211804058211
80401201810110000058546804058546
80401201810110000058616804058616
80401201810110000058906804058906
80401201810110000058931804058931
80401201810110000058965804058965
80401201810110000058996804058996
80401201810110000059004804059004
80401201810110000059015804059015
80401201810110000059026804059026
80401201810110000059034804059034
80401201810110000059054804059054
80401201810110000059067804059067
80401201810110000059077804059077
80401201810110000059092804059092
80401201810110000059108804059108
80401201810110000054972804054972
80401201810110000055064804055064
80401201810110000055323804055323
80401201810110000055475804055475
80401201810110000055501804055501
80401201810110000055570804055570
80401201810110000055641804055641
80401201810110000055693804055693
80401201810110000055777804055777
80401201810110000055892804055892
80401201810110000056041804056041
80401201810110000056132804056132
80401201810110000056212804056212
80401201810110000056264804056264
80401201810110000056295804056295
80401201810110000056530804056530
80401201810110000056890804056890
80401201810110000057056804057056
80401201810110000057089804057089
80401201810110000057138804057138
80401201810110000057192804057192
80401201810110000057239804057239
80401201810110000057300804057300
80401201810110000057564804057564
80401201810110000057597804057597
80401201810110000057603804057603
80401201810110000057660804057660
80401201810110000057710804057710
80401201810110000057736804057736
80401201810110000057939804057939
80401201810110000057949804057949
80401201810110000057957804057957
80401201810110000057970804057970
80401201810110000054902804054902
80401201810110000054935804054935
80401201810110000055048804055048
80401201810110000055172804055172
80401201810110000055269804055269
80401201810110000055288804055288
80401201810110000055495804055495
80401201810110000055521804055521
80401201810110000055648804055648
80401201810110000055669804055669
80401201810110000055722804055722
80401201810110000055844804055844
80401201810110000055881804055881
80401201810110000056009804056009
80401201810110000056064804056064
80401201810110000056248804056248
80401201810110000056338804056338
80401201810110000056674804056674
80401201810110000056744804056744
80401201810110000056869804056869
80401201810110000056903804056903
80401201810110000057416804057416
80401201810110000057620804057620
80401201810110000057693804057693
80401201810110000057790804057790
80401201810110000057859804057859
80401201810110000058039804058039
80401201810110000058114804058114
80401201810110000058142804058142
80401201810110000058190804058190
80401201810110000058354804058354
80401201810110000058382804058382
80401201810110000058418804058418
80401201810110000054845804054845
80401201810110000054888804054888
80401201810110000054996804054996
80401201810110000055230804055230
80401201810110000055309804055309
80401201810110000055530804055530
80401201810110000055599804055599
80401201810110000055973804055973
80401201810110000056150804056150
80401201810110000056174804056174
80401201810110000056524804056524
80401201810110000056586804056586
80401201810110000056780804056780
80401201810110000056924804056924
80401201810110000056937804056937
80401201810110000057250804057250
80401201810110000057265804057265
80401201810110000057309804057309
80401201810110000057318804057318
80401201810110000057335804057335
80401201810110000057463804057463
80401201810110000057513804057513
80401201810110000057831804057831
80401201810110000057913804057913
80401201810110000058004804058004
80401201810110000058305804058305
80401201810110000058317804058317
80401201810110000058325804058325
80401201810110000058366804058366
80401201810110000058439804058439
80401201810110000058502804058502
80401201810110000058520804058520
80401201810110000058581804058581
80401201810110000055106804055106
80401201810110000055115804055115
80401201810110000055143804055143
80401201810110000055164804055164
80401201810110000055386804055386
80401201810110000055469804055469
80401201810110000055546804055546
80401201810110000055754804055754
80401201810110000055792804055792
80401201810110000055829804055829
80401201810110000055926804055926
80401201810110000056186804056186
80401201810110000056357804056357
80401201810110000056367804056367
80401201810110000056383804056383
80401201810110000056639804056639
80401201810110000056702804056702
80401201810110000056713804056713
80401201810110000056728804056728
80401201810110000056840804056840
80401201810110000056978804056978
80401201810110000056997804056997
80401201810110000057025804057025
80401201810110000057034804057034
80401201810110000057361804057361
80401201810110000057438804057438
80401201810110000057534804057534
80401201810110000057640804057640
80401201810110000057762804057762
80401201810110000058046804058046
80401201810110000058171804058171
80401201810110000058252804058252
80401201810110000058297804058297
80401201810110000059256804059256
80401201810110000059302804059302
80401201810110000059655804059655
80401201810110000059862804059862
80401201810110000060136804060136
80401201810110000060268804060268
80401201810110000060373804060373
80401201810110000060466804060466
80401201810110000060682804060682
80401201810110000061018804061018
80401201810110000061192804061192
80401201810110000061265804061265
80401201810110000061375804061375
80401201810110000061482804061482
80401201810110000061572804061572
80401201810110000061897804061897
80401201810110000062032804062032
80401201810110000062157804062157
80401201810110000062186804062186
80401201810110000062430804062430
80401201810110000062605804062605
80401201810110000062683804062683
80401201810110000062692804062692
80401201810110000062707804062707
80401201810110000062807804062807
80401201810110000062860804062860
80401201810110000063030804063030
80401201810110000063052804063052
80401201810110000063078804063078
80401201810110000063278804063278
80401201810110000063319804063319
80401201810110000063412804063412
80401201810110000063489804063489
80401201810110000059142804059142
80401201810110000059171804059171
80401201810110000059184804059184
80401201810110000059206804059206
80401201810110000059271804059271
80401201810110000059388804059388
80401201810110000059410804059410
80401201810110000059424804059424
80401201810110000059674804059674
80401201810110000059713804059713
80401201810110000059828804059828
80401201810110000060068804060068
80401201810110000060080804060080
80401201810110000060316804060316
80401201810110000060336804060336
80401201810110000060800804060800
80401201810110000060983804060983
80401201810110000061053804061053
80401201810110000061101804061101
80401201810110000061154804061154
80401201810110000061930804061930
80401201810110000062199804062199
80401201810110000062347804062347
80401201810110000062508804062508
80401201810110000062553804062553
80401201810110000062646804062646
80401201810110000062962804062962
80401201810110000063044804063044
80401201810110000063457804063457
80401201810110000063526804063526
80401201810110000063929804063929
80401201810110000064019804064019
80401201810110000064063804064063
80401201810110000059125804059125
80401201810110000059364804059364
80401201810110000059457804059457
80401201810110000059496804059496
80401201810110000059558804059558
80401201810110000060089804060089
80401201810110000060110804060110
80401201810110000060120804060120
80401201810110000060217804060217
80401201810110000060248804060248
80401201810110000060354804060354
80401201810110000060395804060395
80401201810110000060509804060509
80401201810110000060940804060940
80401201810110000060961804060961
80401201810110000061077804061077
80401201810110000061432804061432
80401201810110000061544804061544
80401201810110000061693804061693
80401201810110000061915804061915
80401201810110000061994804061994
80401201810110000062254804062254
80401201810110000062326804062326
80401201810110000062364804062364
80401201810110000062536804062536
80401201810110000062931804062931
80401201810110000063238804063238
80401201810110000063252804063252
80401201810110000063398804063398
80401201810110000063438804063438
80401201810110000063562804063562
80401201810110000063618804063618
80401201810110000063636804063636
80401201810110000059235804059235
80401201810110000059383804059383
80401201810110000059441804059441
80401201810110000059568804059568
80401201810110000059614804059614
80401201810110000059729804059729
80401201810110000059766804059766
80401201810110000059775804059775
80401201810110000059952804059952
80401201810110000060153804060153
80401201810110000060483804060483
80401201810110000060495804060495
80401201810110000060523804060523
80401201810110000060546804060546
80401201810110000060561804060561
80401201810110000060583804060583
80401201810110000060699804060699
80401201810110000060720804060720
80401201810110000060747804060747
80401201810110000060822804060822
80401201810110000060889804060889
80401201810110000061033804061033
80401201810110000061142804061142
80401201810110000061210804061210
80401201810110000061444804061444
80401201810110000061606804061606
80401201810110000061622804061622
80401201810110000061984804061984
80401201810110000062007804062007
80401201810110000062116804062116
80401201810110000062340804062340
80401201810110000062383804062383
80401201810110000062632804062632
80401201810110000059345804059345
80401201810110000059531804059531
80401201810110000059585804059585
80401201810110000059789804059789
80401201810110000059809804059809
80401201810110000059845804059845
80401201810110000059911804059911
80401201810110000060020804060020
80401201810110000060183804060183
80401201810110000060285804060285
80401201810110000060733804060733
80401201810110000060902804060902
80401201810110000061244804061244
80401201810110000061526804061526
80401201810110000061558804061558
80401201810110000061756804061756
80401201810110000061855804061855
80401201810110000061864804061864
80401201810110000061970804061970
80401201810110000062396804062396
80401201810110000062475804062475
80401201810110000062589804062589
80401201810110000062732804062732
80401201810110000062738804062738
80401201810110000062774804062774
80401201810110000062909804062909
80401201810110000063010804063010
80401201810110000063016804063016
80401201810110000063083804063083
80401201810110000063308804063308
80401201810110000063364804063364
80401201810110000063375804063375
80401201810110000063430804063430
80401201810110000059222804059222
80401201810110000059315804059315
80401201810110000060031804060031
80401201810110000060169804060169
80401201810110000060614804060614
80401201810110000060633804060633
80401201810110000060923804060923
80401201810110000061089804061089
80401201810110000061174804061174
80401201810110000061463804061463
80401201810110000061584804061584
80401201810110000061642804061642
80401201810110000061839804061839
80401201810110000061952804061952
80401201810110000062068804062068
80401201810110000062143804062143
80401201810110000062236804062236
80401201810110000063333804063333
80401201810110000063348804063348
80401201810110000063602804063602
80401201810110000063670804063670
80401201810110000063712804063712
80401201810110000063733804063733
80401201810110000063744804063744
80401201810110000063761804063761
80401201810110000063781804063781
80401201810110000063787804063787
80401201810110000063802804063802
80401201810110000063867804063867
80401201810110000063895804063895
80401201810110000063958804063958
80401201810110000063983804063983
80401201810110000063997804063997
80401201810110000059374804059374
80401201810110000059475804059475
80401201810110000059721804059721
80401201810110000059892804059892
80401201810110000059972804059972
80401201810110000059993804059993
80401201810110000060421804060421
80401201810110000060793804060793
80401201810110000060837804060837
80401201810110000060860804060860
80401201810110000060870804060870
80401201810110000061222804061222
80401201810110000061275804061275
80401201810110000061339804061339
80401201810110000061393804061393
80401201810110000061415804061415
80401201810110000061636804061636
80401201810110000061662804061662
80401201810110000061734804061734
80401201810110000061783804061783
80401201810110000061822804061822
80401201810110000062211804062211
80401201810110000062265804062265
80401201810110000062277804062277
80401201810110000062669804062669
80401201810110000063095804063095
80401201810110000063135804063135
80401201810110000063157804063157
80401201810110000063384804063384
80401201810110000063655804063655
80401201810110000063693804063693
80401201810110000064010804064010
80401201810110000064030804064030
80401201810110000059642804059642
80401201810110000059739804059739
80401201810110000059925804059925
80401201810110000060207804060207
80401201810110000060428804060428
80401201810110000060443804060443
80401201810110000060659804060659
80401201810110000060777804060777
80401201810110000061126804061126
80401201810110000061287804061287
80401201810110000061500804061500
80401201810110000061516804061516
80401201810110000061795804061795
80401201810110000061888804061888
80401201810110000062288804062288
80401201810110000062317804062317
80401201810110000062568804062568
80401201810110000062621804062621
80401201810110000062893804062893
80401201810110000062948804062948
80401201810110000062980804062980
80401201810110000063184804063184
80401201810110000063296804063296
80401201810110000063723804063723
80401201810110000063828804063828
80401201810110000064047804064047
80401201810110000064076804064076
80401201810110000064082804064082
80401201810110000064097804064097
80401201810110000064110804064110
80401201810110000064122804064122
80401201810110000064137804064137
80401201810110000064152804064152
80401201810110000064172804064172
80401201810110000064280804064280
80401201810110000064463804064463
80401201810110000064479804064479
80401201810110000064507804064507
80401201810110000064583804064583
80401201810110000064613804064613
80401201810110000065068804065068
80401201810110000065108804065108
80401201810110000065177804065177
80401201810110000065224804065224
80401201810110000065421804065421
80401201810110000065476804065476
80401201810110000065505804065505
80401201810110000065526804065526
80401201810110000065565804065565
80401201810110000065663804065663
80401201810110000065810804065810
80401201810110000065834804065834
80401201810110000065905804065905
80401201810110000065946804065946
80401201810110000066218804066218
80401201810110000066231804066231
80401201810110000066751804066751
80401201810110000066813804066813
80401201810110000066839804066839
80401201810110000066972804066972
80401201810110000067257804067257
80401201810110000067302804067302
80401201810110000067343804067343
80401201810110000067443804067443
80401201810110000067475804067475
80401201810110000067555804067555
80401201810110000064558804064558
80401201810110000064717804064717
80401201810110000064727804064727
80401201810110000065032804065032
80401201810110000065211804065211
80401201810110000065546804065546
80401201810110000065642804065642
80401201810110000065779804065779
80401201810110000065862804065862
80401201810110000066024804066024
80401201810110000066145804066145
80401201810110000066260804066260
80401201810110000066273804066273
80401201810110000066531804066531
80401201810110000066590804066590
80401201810110000066598804066598
80401201810110000067200804067200
80401201810110000067267804067267
80401201810110000067290804067290
80401201810110000067374804067374
80401201810110000067659804067659
80401201810110000067681804067681
80401201810110000067998804067998
80401201810110000068197804068197
80401201810110000068290804068290
80401201810110000068356804068356
80401201810110000068367804068367
80401201810110000068378804068378
80401201810110000068386804068386
80401201810110000068406804068406
80401201810110000068424804068424
80401201810110000068436804068436
80401201810110000068447804068447
80401201810110000064361804064361
80401201810110000064493804064493
80401201810110000064535804064535
80401201810110000064679804064679
80401201810110000064787804064787
80401201810110000065132804065132
80401201810110000065193804065193
80401201810110000065289804065289
80401201810110000065443804065443
80401201810110000065850804065850
80401201810110000066188804066188
80401201810110000066409804066409
80401201810110000066433804066433
80401201810110000066520804066520
80401201810110000066611804066611
80401201810110000066623804066623
80401201810110000066730804066730
80401201810110000066981804066981
80401201810110000067068804067068
80401201810110000067321804067321
80401201810110000067387804067387
80401201810110000067637804067637
80401201810110000067735804067735
80401201810110000067887804067887
80401201810110000068072804068072
80401201810110000068085804068085
80401201810110000068137804068137
80401201810110000068263804068263
80401201810110000068301804068301
80401201810110000068460804068460
80401201810110000068479804068479
80401201810110000068505804068505
80401201810110000068554804068554
80401201810110000064198804064198
80401201810110000064313804064313
80401201810110000064340804064340
80401201810110000064393804064393
80401201810110000064644804064644
80401201810110000064777804064777
80401201810110000064803804064803
80401201810110000064895804064895
80401201810110000064962804064962
80401201810110000065090804065090
80401201810110000065120804065120
80401201810110000065168804065168
80401201810110000065251804065251
80401201810110000065273804065273
80401201810110000065327804065327
80401201810110000065362804065362
80401201810110000065878804065878
80401201810110000065983804065983
80401201810110000066009804066009
80401201810110000066085804066085
80401201810110000066159804066159
80401201810110000066178804066178
80401201810110000066251804066251
80401201810110000066315804066315
80401201810110000066464804066464
80401201810110000066567804066567
80401201810110000066577804066577
80401201810110000066684804066684
80401201810110000066772804066772
80401201810110000066912804066912
80401201810110000066923804066923
80401201810110000066956804066956
80401201810110000067008804067008
80401201810110000064376804064376
80401201810110000064424804064424
80401201810110000064452804064452
80401201810110000064697804064697
80401201810110000064810804064810
80401201810110000064826804064826
80401201810110000064841804064841
80401201810110000064918804064918
80401201810110000064995804064995
80401201810110000065156804065156
80401201810110000065204804065204
80401201810110000065461804065461
80401201810110000065512804065512
80401201810110000065557804065557
80401201810110000065597804065597
80401201810110000065621804065621
80401201810110000065747804065747
80401201810110000065894804065894
80401201810110000066327804066327
80401201810110000066555804066555
80401201810110000066885804066885
80401201810110000066940804066940
80401201810110000066948804066948
80401201810110000067119804067119
80401201810110000067137804067137
80401201810110000067173804067173
80401201810110000067225804067225
80401201810110000067241804067241
80401201810110000067398804067398
80401201810110000067613804067613
80401201810110000067624804067624
80401201810110000067650804067650
80401201810110000067674804067674
80401201810110000064241804064241
80401201810110000064263804064263
80401201810110000064412804064412
80401201810110000064751804064751
80401201810110000064765804064765
80401201810110000064868804064868
80401201810110000065050804065050
80401201810110000065139804065139
80401201810110000065394804065394
80401201810110000065487804065487
80401201810110000065532804065532
80401201810110000065708804065708
80401201810110000065826804065826
80401201810110000065917804065917
80401201810110000066053804066053
80401201810110000066212804066212
80401201810110000066241804066241
80401201810110000066632804066632
80401201810110000066700804066700
80401201810110000066872804066872
80401201810110000066895804066895
80401201810110000067023804067023
80401201810110000067040804067040
80401201810110000067095804067095
80401201810110000067277804067277
80401201810110000067332804067332
80401201810110000067526804067526
80401201810110000067595804067595
80401201810110000067717804067717
80401201810110000067758804067758
80401201810110000067788804067788
80401201810110000067860804067860
80401201810110000067915804067915
80401201810110000064437804064437
80401201810110000064856804064856
80401201810110000065797804065797
80401201810110000065964804065964
80401201810110000066116804066116
80401201810110000066203804066203
80401201810110000066292804066292
80401201810110000066339804066339
80401201810110000066371804066371
80401201810110000066502804066502
80401201810110000066541804066541
80401201810110000066662804066662
80401201810110000067363804067363
80401201810110000067495804067495
80401201810110000067583804067583
80401201810110000067691804067691
80401201810110000067744804067744
80401201810110000067832804067832
80401201810110000067938804067938
80401201810110000067959804067959
80401201810110000067973804067973
80401201810110000067985804067985
80401201810110000068007804068007
80401201810110000068026804068026
80401201810110000068038804068038
80401201810110000068062804068062
80401201810110000068094804068094
80401201810110000068118804068118
80401201810110000068155804068155
80401201810110000068231804068231
80401201810110000068320804068320
80401201810110000068333804068333
80401201810110000068343804068343
80401201810110000069016804069016
80401201810110000069055804069055
80401201810110000069173804069173
80401201810110000069226804069226
80401201810110000069374804069374
80401201810110000069430804069430
80401201810110000069462804069462
80401201810110000069585804069585
80401201810110000069627804069627
80401201810110000069856804069856
80401201810110000069880804069880
80401201810110000069927804069927
80401201810110000070352804070352
80401201810110000070451804070451
80401201810110000070818804070818
80401201810110000070941804070941
80401201810110000071070804071070
80401201810110000071622804071622
80401201810110000071663804071663
80401201810110000071911804071911
80401201810110000072041804072041
80401201810110000072279804072279
80401201810110000072305804072305
80401201810110000072508804072508
80401201810110000072671804072671
80401201810110000072719804072719
80401201810110000073016804073016
80401201810110000073073804073073
80401201810110000073271804073271
80401201810110000073291804073291
80401201810110000073319804073319
80401201810110000073339804073339
80401201810110000073364804073364
80401201810110000068695804068695
80401201810110000068822804068822
80401201810110000069023804069023
80401201810110000069128804069128
80401201810110000069385804069385
80401201810110000069734804069734
80401201810110000069817804069817
80401201810110000069935804069935
80401201810110000070133804070133
80401201810110000070281804070281
80401201810110000070417804070417
80401201810110000070469804070469
80401201810110000070484804070484
80401201810110000070631804070631
80401201810110000070873804070873
80401201810110000070905804070905
80401201810110000070928804070928
80401201810110000071183804071183
80401201810110000071364804071364
80401201810110000071591804071591
80401201810110000071600804071600
80401201810110000071636804071636
80401201810110000071714804071714
80401201810110000071817804071817
80401201810110000071992804071992
80401201810110000072074804072074
80401201810110000072179804072179
80401201810110000072215804072215
80401201810110000072260804072260
80401201810110000072781804072781
80401201810110000072998804072998
80401201810110000073088804073088
80401201810110000073159804073159
80401201810110000068678804068678
80401201810110000068761804068761
80401201810110000069036804069036
80401201810110000069085804069085
80401201810110000069134804069134
80401201810110000069405804069405
80401201810110000069488804069488
80401201810110000069536804069536
80401201810110000069552804069552
80401201810110000069826804069826
80401201810110000069987804069987
80401201810110000070039804070039
80401201810110000070331804070331
80401201810110000070552804070552
80401201810110000070883804070883
80401201810110000071286804071286
80401201810110000071300804071300
80401201810110000071412804071412
80401201810110000071578804071578
80401201810110000071682804071682
80401201810110000071928804071928
80401201810110000071952804071952
80401201810110000072619804072619
80401201810110000072628804072628
80401201810110000072704804072704
80401201810110000072900804072900
80401201810110000072982804072982
80401201810110000073377804073377
80401201810110000073388804073388
80401201810110000073402804073402
80401201810110000073420804073420
80401201810110000073426804073426
80401201810110000073447804073447
80401201810110000068869804068869
80401201810110000068985804068985
80401201810110000069190804069190
80401201810110000069246804069246
80401201810110000069419804069419
80401201810110000069839804069839
80401201810110000070016804070016
80401201810110000070101804070101
80401201810110000070208804070208
80401201810110000070245804070245
80401201810110000070495804070495
80401201810110000070519804070519
80401201810110000070529804070529
80401201810110000070589804070589
80401201810110000070603804070603
80401201810110000070647804070647
80401201810110000070680804070680
80401201810110000070703804070703
80401201810110000070722804070722
80401201810110000070743804070743
80401201810110000070896804070896
80401201810110000070998804070998
80401201810110000071096804071096
80401201810110000071160804071160
80401201810110000071479804071479
80401201810110000071500804071500
80401201810110000071525804071525
80401201810110000071611804071611
80401201810110000071650804071650
80401201810110000071703804071703
80401201810110000071894804071894
80401201810110000072058804072058
80401201810110000072378804072378
80401201810110000068602804068602
80401201810110000068641804068641
80401201810110000069115804069115
80401201810110000069150804069150
80401201810110000069200804069200
80401201810110000069570804069570
80401201810110000069661804069661
80401201810110000069782804069782
80401201810110000069794804069794
80401201810110000069896804069896
80401201810110000070116804070116
80401201810110000070569804070569
80401201810110000070852804070852
80401201810110000071132804071132
80401201810110000071208804071208
80401201810110000071240804071240
80401201810110000071253804071253
80401201810110000071316804071316
80401201810110000071352804071352
80401201810110000071465804071465
80401201810110000071726804071726
80401201810110000071757804071757
80401201810110000071786804071786
80401201810110000071841804071841
80401201810110000071862804071862
80401201810110000071942804071942
80401201810110000071968804071968
80401201810110000071976804071976
80401201810110000072091804072091
80401201810110000072197804072197
80401201810110000072331804072331
80401201810110000072363804072363
80401201810110000072413804072413
80401201810110000068719804068719
80401201810110000068805804068805
80401201810110000069072804069072
80401201810110000069102804069102
80401201810110000069469804069469
80401201810110000069481804069481
80401201810110000069521804069521
80401201810110000069689804069689
80401201810110000069767804069767
80401201810110000069966804069966
80401201810110000070088804070088
80401201810110000070193804070193
80401201810110000070540804070540
80401201810110000070837804070837
80401201810110000071038804071038
80401201810110000071116804071116
80401201810110000071199804071199
80401201810110000071226804071226
80401201810110000071262804071262
80401201810110000071374804071374
80401201810110000071550804071550
80401201810110000072157804072157
80401201810110000072295804072295
80401201810110000072394804072394
80401201810110000072426804072426
80401201810110000072452804072452
80401201810110000072537804072537
80401201810110000072563804072563
80401201810110000072644804072644
80401201810110000072695804072695
80401201810110000072750804072750
80401201810110000072792804072792
80401201810110000072842804072842
80401201810110000068665804068665
80401201810110000068727804068727
80401201810110000068779804068779
80401201810110000068789804068789
80401201810110000068842804068842
80401201810110000068898804068898
80401201810110000069213804069213
80401201810110000069298804069298
80401201810110000069326804069326
80401201810110000069442804069442
80401201810110000069501804069501
80401201810110000069603804069603
80401201810110000069915804069915
80401201810110000070158804070158
80401201810110000070386804070386
80401201810110000070623804070623
80401201810110000070792804070792
80401201810110000070959804070959
80401201810110000070975804070975
80401201810110000071011804071011
80401201810110000071333804071333
80401201810110000071340804071340
80401201810110000071560804071560
80401201810110000072007804072007
80401201810110000072440804072440
80401201810110000072659804072659
80401201810110000072768804072768
80401201810110000072808804072808
80401201810110000072868804072868
80401201810110000072923804072923
80401201810110000072950804072950
80401201810110000072974804072974
80401201810110000073031804073031
80401201810110000068707804068707
80401201810110000068748804068748
80401201810110000068851804068851
80401201810110000068935804068935
80401201810110000069276804069276
80401201810110000069747804069747
80401201810110000070136804070136
80401201810110000070174804070174
80401201810110000070189804070189
80401201810110000070230804070230
80401201810110000070262804070262
80401201810110000070296804070296
80401201810110000070766804070766
80401201810110000070988804070988
80401201810110000071435804071435
80401201810110000072024804072024
80401201810110000072127804072127
80401201810110000072237804072237
80401201810110000072322804072322
80401201810110000072344804072344
80401201810110000072475804072475
80401201810110000072597804072597
80401201810110000072681804072681
80401201810110000072742804072742
80401201810110000073043804073043
80401201810110000073056804073056
80401201810110000073099804073099
80401201810110000073121804073121
80401201810110000073135804073135
80401201810110000073150804073150
80401201810110000073189804073189
80401201810110000073205804073205
80401201810110000073244804073244
80401201810110000073512804073512
80401201810110000073599804073599
80401201810110000073722804073722
80401201810110000073935804073935
80401201810110000074043804074043
80401201810110000074063804074063
80401201810110000074306804074306
80401201810110000074446804074446
80401201810110000074662804074662
80401201810110000074717804074717
80401201810110000074751804074751
80401201810110000074811804074811
80401201810110000074857804074857
80401201810110000074872804074872
80401201810110000074923804074923
80401201810110000075116804075116
80401201810110000075215804075215
80401201810110000075351804075351
80401201810110000075562804075562
80401201810110000075585804075585
80401201810110000075626804075626
80401201810110000075688804075688
80401201810110000075851804075851
80401201810110000075917804075917
80401201810110000075940804075940
80401201810110000076208804076208
80401201810110000076225804076225
80401201810110000076237804076237
80401201810110000076309804076309
80401201810110000076345804076345
80401201810110000076636804076636
80401201810110000076880804076880
80401201810110000077022804077022
80401201810110000073496804073496
80401201810110000073553804073553
80401201810110000073735804073735
80401201810110000073812804073812
80401201810110000073843804073843
80401201810110000074087804074087
80401201810110000074157804074157
80401201810110000074256804074256
80401201810110000074480804074480
80401201810110000074495804074495
80401201810110000074507804074507
80401201810110000074799804074799
80401201810110000074842804074842
80401201810110000075136804075136
80401201810110000075260804075260
80401201810110000075322804075322
80401201810110000075379804075379
80401201810110000075505804075505
80401201810110000075659804075659
80401201810110000075802804075802
80401201810110000075965804075965
80401201810110000076019804076019
80401201810110000076069804076069
80401201810110000076820804076820
80401201810110000077030804077030
80401201810110000077060804077060
80401201810110000077100804077100
80401201810110000077141804077141
80401201810110000077161804077161
80401201810110000077616804077616
80401201810110000077755804077755
80401201810110000077832804077832
80401201810110000077843804077843
80401201810110000073477804073477
80401201810110000073865804073865
80401201810110000073994804073994
80401201810110000074076804074076
80401201810110000074149804074149
80401201810110000074218804074218
80401201810110000074343804074343
80401201810110000074575804074575
80401201810110000074637804074637
80401201810110000074685804074685
80401201810110000074931804074931
80401201810110000075157804075157
80401201810110000075283804075283
80401201810110000075615804075615
80401201810110000075635804075635
80401201810110000075978804075978
80401201810110000076127804076127
80401201810110000076161804076161
80401201810110000076288804076288
80401201810110000076323804076323
80401201810110000076404804076404
80401201810110000076574804076574
80401201810110000076735804076735
80401201810110000076858804076858
80401201810110000076912804076912
80401201810110000076981804076981
80401201810110000077008804077008
80401201810110000077299804077299
80401201810110000077366804077366
80401201810110000077373804077373
80401201810110000077433804077433
80401201810110000077451804077451
80401201810110000077702804077702
80401201810110000073529804073529
80401201810110000073573804073573
80401201810110000073633804073633
80401201810110000073744804073744
80401201810110000073766804073766
80401201810110000073833804073833
80401201810110000073879804073879
80401201810110000073899804073899
80401201810110000074026804074026
80401201810110000074114804074114
80401201810110000074123804074123
80401201810110000074394804074394
80401201810110000074427804074427
80401201810110000074462804074462
80401201810110000074567804074567
80401201810110000074581804074581
80401201810110000074760804074760
80401201810110000074786804074786
80401201810110000074976804074976
80401201810110000075042804075042
80401201810110000075149804075149
80401201810110000075407804075407
80401201810110000075416804075416
80401201810110000075516804075516
80401201810110000075554804075554
80401201810110000075669804075669
80401201810110000075728804075728
80401201810110000075763804075763
80401201810110000075862804075862
80401201810110000075885804075885
80401201810110000075960804075960
80401201810110000076265804076265
80401201810110000076330804076330
80401201810110000073458804073458
80401201810110000073663804073663
80401201810110000073777804073777
80401201810110000073852804073852
80401201810110000073959804073959
80401201810110000074199804074199
80401201810110000074227804074227
80401201810110000074406804074406
80401201810110000074607804074607
80401201810110000075098804075098
80401201810110000075248804075248
80401201810110000075306804075306
80401201810110000075449804075449
80401201810110000075466804075466
80401201810110000075535804075535
80401201810110000075904804075904
80401201810110000076003804076003
80401201810110000076034804076034
80401201810110000076109804076109
80401201810110000076357804076357
80401201810110000076367804076367
80401201810110000076380804076380
80401201810110000076522804076522
80401201810110000076540804076540
80401201810110000076562804076562
80401201810110000076588804076588
80401201810110000076607804076607
80401201810110000076691804076691
80401201810110000076712804076712
80401201810110000076722804076722
80401201810110000076785804076785
80401201810110000076928804076928
80401201810110000076957804076957
80401201810110000073488804073488
80401201810110000073678804073678
80401201810110000073691804073691
80401201810110000073801804073801
80401201810110000074375804074375
80401201810110000074546804074546
80401201810110000074553804074553
80401201810110000074831804074831
80401201810110000074907804074907
80401201810110000075169804075169
80401201810110000075187804075187
80401201810110000075208804075208
80401201810110000075275804075275
80401201810110000075489804075489
80401201810110000075820804075820
80401201810110000075983804075983
80401201810110000076186804076186
80401201810110000076254804076254
80401201810110000076504804076504
80401201810110000076617804076617
80401201810110000076659804076659
80401201810110000076668804076668
80401201810110000076947804076947
80401201810110000076967804076967
80401201810110000077039804077039
80401201810110000077084804077084
80401201810110000077127804077127
80401201810110000077202804077202
80401201810110000077255804077255
80401201810110000077324804077324
80401201810110000077346804077346
80401201810110000077387804077387
80401201810110000077401804077401
80401201810110000074096804074096
80401201810110000074135804074135
80401201810110000074186804074186
80401201810110000074281804074281
80401201810110000074532804074532
80401201810110000074897804074897
80401201810110000074954804074954
80401201810110000075013804075013
80401201810110000075060804075060
80401201810110000075196804075196
80401201810110000075606804075606
80401201810110000076434804076434
80401201810110000076472804076472
80401201810110000076682804076682
80401201810110000076771804076771
80401201810110000077070804077070
80401201810110000077236804077236
80401201810110000077275804077275
80401201810110000077313804077313
80401201810110000077420804077420
80401201810110000077467804077467
80401201810110000077486804077486
80401201810110000077500804077500
80401201810110000077544804077544
80401201810110000077646804077646
80401201810110000077655804077655
80401201810110000077666804077666
80401201810110000077718804077718
80401201810110000077733804077733
80401201810110000077764804077764
80401201810110000077775804077775
80401201810110000077798804077798
80401201810110000077813804077813
80401201810110000077872804077872
80401201810110000077955804077955
80401201810110000078639804078639
80401201810110000078973804078973
80401201810110000078996804078996
80401201810110000079238804079238
80401201810110000079261804079261
80401201810110000079271804079271
80401201810110000079285804079285
80401201810110000079655804079655
80401201810110000079701804079701
80401201810110000079824804079824
80401201810110000079948804079948
80401201810110000080294804080294
80401201810110000080866804080866
80401201810110000081223804081223
80401201810110000081299804081299
80401201810110000081429804081429
80401201810110000081702804081702
80401201810110000081820804081820
80401201810110000082289804082289
80401201810110000082420804082420
80401201810110000082488804082488
80401201810110000082533804082533
80401201810110000082681804082681
80401201810110000082735804082735
80401201810110000082813804082813
80401201810110000082834804082834
80401201810110000082860804082860
80401201810110000082945804082945
80401201810110000082964804082964
80401201810110000082987804082987
80401201810110000083057804083057
80401201810110000077849804077849
80401201810110000078045804078045
80401201810110000078091804078091
80401201810110000078191804078191
80401201810110000078458804078458
80401201810110000078485804078485
80401201810110000078536804078536
80401201810110000078541804078541
80401201810110000078666804078666
80401201810110000078753804078753
80401201810110000078876804078876
80401201810110000079595804079595
80401201810110000080000804080000
80401201810110000080029804080029
80401201810110000080107804080107
80401201810110000080199804080199
80401201810110000080437804080437
80401201810110000080540804080540
80401201810110000080672804080672
80401201810110000080946804080946
80401201810110000080972804080972
80401201810110000081060804081060
80401201810110000081073804081073
80401201810110000081339804081339
80401201810110000081541804081541
80401201810110000081645804081645
80401201810110000081659804081659
80401201810110000081849804081849
80401201810110000082029804082029
80401201810110000082064804082064
80401201810110000082168804082168
80401201810110000082473804082473
80401201810110000082494804082494
80401201810110000078163804078163
80401201810110000078448804078448
80401201810110000078578804078578
80401201810110000078811804078811
80401201810110000079252804079252
80401201810110000079641804079641
80401201810110000079728804079728
80401201810110000079924804079924
80401201810110000080187804080187
80401201810110000080285804080285
80401201810110000080302804080302
80401201810110000080344804080344
80401201810110000080529804080529
80401201810110000080831804080831
80401201810110000080917804080917
80401201810110000081021804081021
80401201810110000081130804081130
80401201810110000081364804081364
80401201810110000081733804081733
80401201810110000082100804082100
80401201810110000082122804082122
80401201810110000082129804082129
80401201810110000082199804082199
80401201810110000082277804082277
80401201810110000082454804082454
80401201810110000082481804082481
80401201810110000082559804082559
80401201810110000082606804082606
80401201810110000082634804082634
80401201810110000082755804082755
80401201810110000082778804082778
80401201810110000082796804082796
80401201810110000082841804082841
80401201810110000078113804078113
80401201810110000078418804078418
80401201810110000078517804078517
80401201810110000078920804078920
80401201810110000079042804079042
80401201810110000079078804079078
80401201810110000079304804079304
80401201810110000079356804079356
80401201810110000079448804079448
80401201810110000079517804079517
80401201810110000079713804079713
80401201810110000079799804079799
80401201810110000080132804080132
80401201810110000080329804080329
80401201810110000080471804080471
80401201810110000080483804080483
80401201810110000081036804081036
80401201810110000081387804081387
80401201810110000081421804081421
80401201810110000081465804081465
80401201810110000081527804081527
80401201810110000081624804081624
80401201810110000081675804081675
80401201810110000081714804081714
80401201810110000081796804081796
80401201810110000081881804081881
80401201810110000081897804081897
80401201810110000081935804081935
80401201810110000082004804082004
80401201810110000082325804082325
80401201810110000082383804082383
80401201810110000082409804082409
80401201810110000082519804082519
80401201810110000077861804077861
80401201810110000078143804078143
80401201810110000078176804078176
80401201810110000078213804078213
80401201810110000078364804078364
80401201810110000078427804078427
80401201810110000078827804078827
80401201810110000078882804078882
80401201810110000078903804078903
80401201810110000078942804078942
80401201810110000079020804079020
80401201810110000079419804079419
80401201810110000079566804079566
80401201810110000079574804079574
80401201810110000079613804079613
80401201810110000079627804079627
80401201810110000079782804079782
80401201810110000079934804079934
80401201810110000080088804080088
80401201810110000080456804080456
80401201810110000080567804080567
80401201810110000080788804080788
80401201810110000080809804080809
80401201810110000080838804080838
80401201810110000081010804081010
80401201810110000081091804081091
80401201810110000081183804081183
80401201810110000081407804081407
80401201810110000081610804081610
80401201810110000081922804081922
80401201810110000081971804081971
80401201810110000082052804082052
80401201810110000082311804082311
80401201810110000078065804078065
80401201810110000078073804078073
80401201810110000078106804078106
80401201810110000078207804078207
80401201810110000078472804078472
80401201810110000078602804078602
80401201810110000078925804078925
80401201810110000079229804079229
80401201810110000079244804079244
80401201810110000079328804079328
80401201810110000079393804079393
80401201810110000079982804079982
80401201810110000080229804080229
80401201810110000080313804080313
80401201810110000080357804080357
80401201810110000080508804080508
80401201810110000081242804081242
80401201810110000081264804081264
80401201810110000082086804082086
80401201810110000082146804082146
80401201810110000082373804082373
80401201810110000082436804082436
80401201810110000082440804082440
80401201810110000082589804082589
80401201810110000082650804082650
80401201810110000082667804082667
80401201810110000082697804082697
80401201810110000082717804082717
80401201810110000082877804082877
80401201810110000082902804082902
80401201810110000083003804083003
80401201810110000083027804083027
80401201810110000083039804083039
80401201810110000078131804078131
80401201810110000078233804078233
80401201810110000078284804078284
80401201810110000078507804078507
80401201810110000078560804078560
80401201810110000078569804078569
80401201810110000078795804078795
80401201810110000078865804078865
80401201810110000079180804079180
80401201810110000079585804079585
80401201810110000079605804079605
80401201810110000079745804079745
80401201810110000079944804079944
80401201810110000079958804079958
80401201810110000079967804079967
80401201810110000080061804080061
80401201810110000080171804080171
80401201810110000080369804080369
80401201810110000080487804080487
80401201810110000080554804080554
80401201810110000080590804080590
80401201810110000080634804080634
80401201810110000080650804080650
80401201810110000080709804080709
80401201810110000080937804080937
80401201810110000081003804081003
80401201810110000081280804081280
80401201810110000081352804081352
80401201810110000081376804081376
80401201810110000081572804081572
80401201810110000081592804081592
80401201810110000081766804081766
80401201810110000081991804081991
80401201810110000078012804078012
80401201810110000078195804078195
80401201810110000078222804078222
80401201810110000078551804078551
80401201810110000078853804078853
80401201810110000078895804078895
80401201810110000078908804078908
80401201810110000079010804079010
80401201810110000079158804079158
80401201810110000079204804079204
80401201810110000079222804079222
80401201810110000079370804079370
80401201810110000079763804079763
80401201810110000079883804079883
80401201810110000080126804080126
80401201810110000080143804080143
80401201810110000080409804080409
80401201810110000080659804080659
80401201810110000080685804080685
80401201810110000080723804080723
80401201810110000080756804080756
80401201810110000080884804080884
80401201810110000080896804080896
80401201810110000081162804081162
80401201810110000081197804081197
80401201810110000081501804081501
80401201810110000081748804081748
80401201810110000081775804081775
80401201810110000081955804081955
80401201810110000082077804082077
80401201810110000082236804082236
80401201810110000082256804082256
80401201810110000082348804082348
80401201810110000083145804083145
80401201810110000083491804083491
80401201810110000083642804083642
80401201810110000083798804083798
80401201810110000083927804083927
80401201810110000083961804083961
80401201810110000083979804083979
80401201810110000084060804084060
80401201810110000084130804084130
80401201810110000084599804084599
80401201810110000084609804084609
80401201810110000084857804084857
80401201810110000084876804084876
80401201810110000084983804084983
80401201810110000085255804085255
80401201810110000085282804085282
80401201810110000085733804085733
80401201810110000085749804085749
80401201810110000085820804085820
80401201810110000085907804085907
80401201810110000085920804085920
80401201810110000086068804086068
80401201810110000086235804086235
80401201810110000086273804086273
80401201810110000086346804086346
80401201810110000086643804086643
80401201810110000086664804086664
80401201810110000087026804087026
80401201810110000087053804087053
80401201810110000087385804087385
80401201810110000087400804087400
80401201810110000087410804087410
80401201810110000087419804087419
80401201810110000083097804083097
80401201810110000083265804083265
80401201810110000083462804083462
80401201810110000083548804083548
80401201810110000083568804083568
80401201810110000083693804083693
80401201810110000083860804083860
80401201810110000083935804083935
80401201810110000084146804084146
80401201810110000084596804084596
80401201810110000084632804084632
80401201810110000084672804084672
80401201810110000084836804084836
80401201810110000084960804084960
80401201810110000085175804085175
80401201810110000085193804085193
80401201810110000085266804085266
80401201810110000085588804085588
80401201810110000085999804085999
80401201810110000086047804086047
80401201810110000086102804086102
80401201810110000086354804086354
80401201810110000086697804086697
80401201810110000086736804086736
80401201810110000086982804086982
80401201810110000087040804087040
80401201810110000087104804087104
80401201810110000087252804087252
80401201810110000087306804087306
80401201810110000087429804087429
80401201810110000087443804087443
80401201810110000087448804087448
80401201810110000087469804087469
80401201810110000083125804083125
80401201810110000083202804083202
80401201810110000083302804083302
80401201810110000083534804083534
80401201810110000083674804083674
80401201810110000083887804083887
80401201810110000084193804084193
80401201810110000084215804084215
80401201810110000084267804084267
80401201810110000084317804084317
80401201810110000084498804084498
80401201810110000084547804084547
80401201810110000084917804084917
80401201810110000084945804084945
80401201810110000084998804084998
80401201810110000085123804085123
80401201810110000085213804085213
80401201810110000085390804085390
80401201810110000085419804085419
80401201810110000085963804085963
80401201810110000086034804086034
80401201810110000086132804086132
80401201810110000086149804086149
80401201810110000086174804086174
80401201810110000086384804086384
80401201810110000086394804086394
80401201810110000086590804086590
80401201810110000086679804086679
80401201810110000086782804086782
80401201810110000087004804087004
80401201810110000087065804087065
80401201810110000087131804087131
80401201810110000087275804087275
80401201810110000083160804083160
80401201810110000083339804083339
80401201810110000083380804083380
80401201810110000083426804083426
80401201810110000083713804083713
80401201810110000083760804083760
80401201810110000083877804083877
80401201810110000084043804084043
80401201810110000084170804084170
80401201810110000084204804084204
80401201810110000084248804084248
80401201810110000084284804084284
80401201810110000084431804084431
80401201810110000084471804084471
80401201810110000084526804084526
80401201810110000084559804084559
80401201810110000084640804084640
80401201810110000084795804084795
80401201810110000084845804084845
80401201810110000084934804084934
80401201810110000084950804084950
80401201810110000085023804085023
80401201810110000085074804085074
80401201810110000085150804085150
80401201810110000085315804085315
80401201810110000085337804085337
80401201810110000085379804085379
80401201810110000085537804085537
80401201810110000085606804085606
80401201810110000085643804085643
80401201810110000085649804085649
80401201810110000085865804085865
80401201810110000085892804085892
80401201810110000083332804083332
80401201810110000083539804083539
80401201810110000083732804083732
80401201810110000083845804083845
80401201810110000083903804083903
80401201810110000084013804084013
80401201810110000084085804084085
80401201810110000084101804084101
80401201810110000084237804084237
80401201810110000085244804085244
80401201810110000085299804085299
80401201810110000085331804085331
80401201810110000085354804085354
80401201810110000085448804085448
80401201810110000085520804085520
80401201810110000085673804085673
80401201810110000085688804085688
80401201810110000085715804085715
80401201810110000085791804085791
80401201810110000085977804085977
80401201810110000086003804086003
80401201810110000086189804086189
80401201810110000086256804086256
80401201810110000086291804086291
80401201810110000086416804086416
80401201810110000086456804086456
80401201810110000086717804086717
80401201810110000086747804086747
80401201810110000086798804086798
80401201810110000086831804086831
80401201810110000086908804086908
80401201810110000087056804087056
80401201810110000087080804087080
80401201810110000083222804083222
80401201810110000083403804083403
80401201810110000083440804083440
80401201810110000083577804083577
80401201810110000083611804083611
80401201810110000083833804083833
80401201810110000084405804084405
80401201810110000084447804084447
80401201810110000084485804084485
80401201810110000084580804084580
80401201810110000084588804084588
80401201810110000084739804084739
80401201810110000085039804085039
80401201810110000085624804085624
80401201810110000085654804085654
80401201810110000085989804085989
80401201810110000086086804086086
80401201810110000086312804086312
80401201810110000086324804086324
80401201810110000086365804086365
80401201810110000086468804086468
80401201810110000086496804086496
80401201810110000086542804086542
80401201810110000086615804086615
80401201810110000086624804086624
80401201810110000086705804086705
80401201810110000086969804086969
80401201810110000087142804087142
80401201810110000087162804087162
80401201810110000087181804087181
80401201810110000087201804087201
80401201810110000087230804087230
80401201810110000087334804087334
80401201810110000083081804083081
80401201810110000083181804083181
80401201810110000083189804083189
80401201810110000083236804083236
80401201810110000083362804083362
80401201810110000083503804083503
80401201810110000083527804083527
80401201810110000083748804083748
80401201810110000083781804083781
80401201810110000083894804083894
80401201810110000084245804084245
80401201810110000084332804084332
80401201810110000084363804084363
80401201810110000084706804084706
80401201810110000084773804084773
80401201810110000084812804084812
80401201810110000084904804084904
80401201810110000085295804085295
80401201810110000085492804085492
80401201810110000085548804085548
80401201810110000085563804085563
80401201810110000085770804085770
80401201810110000085947804085947
80401201810110000086019804086019
80401201810110000086438804086438
80401201810110000086524804086524
80401201810110000086808804086808
80401201810110000086842804086842
80401201810110000086883804086883
80401201810110000086938804086938
80401201810110000087091804087091
80401201810110000087343804087343
80401201810110000087357804087357
80401201810110000087625804087625
80401201810110000087677804087677
80401201810110000087773804087773
80401201810110000087869804087869
80401201810110000087888804087888
80401201810110000088116804088116
80401201810110000088123804088123
80401201810110000088132804088132
80401201810110000088208804088208
80401201810110000088413804088413
80401201810110000088443804088443
80401201810110000088495804088495
80401201810110000088577804088577
80401201810110000088612804088612
80401201810110000088866804088866
80401201810110000088876804088876
80401201810110000088986804088986
80401201810110000089176804089176
80401201810110000089190804089190
80401201810110000089396804089396
80401201810110000089449804089449
80401201810110000089572804089572
80401201810110000089657804089657
80401201810110000089890804089890
80401201810110000089910804089910
80401201810110000089923804089923
80401201810110000090007804090007
80401201810110000090040804090040
80401201810110000090289804090289
80401201810110000090325804090325
80401201810110000090389804090389
80401201810110000090492804090492
80401201810110000090619804090619
80401201810110000087785804087785
80401201810110000087860804087860
80401201810110000087921804087921
80401201810110000088474804088474
80401201810110000088520804088520
80401201810110000088548804088548
80401201810110000088761804088761
80401201810110000088843804088843
80401201810110000088858804088858
80401201810110000088917804088917
80401201810110000088942804088942
80401201810110000089003804089003
80401201810110000089204804089204
80401201810110000089359804089359
80401201810110000090134804090134
80401201810110000090187804090187
80401201810110000090346804090346
80401201810110000090404804090404
80401201810110000090419804090419
80401201810110000090599804090599
80401201810110000090697804090697
80401201810110000090870804090870
80401201810110000090951804090951
80401201810110000090960804090960
80401201810110000091045804091045
80401201810110000091121804091121
80401201810110000091170804091170
80401201810110000091372804091372
80401201810110000091393804091393
80401201810110000091468804091468
80401201810110000091479804091479
80401201810110000091507804091507
80401201810110000091541804091541
80401201810110000087560804087560
80401201810110000087602804087602
80401201810110000087766804087766
80401201810110000088101804088101
80401201810110000088158804088158
80401201810110000088221804088221
80401201810110000088239804088239
80401201810110000088678804088678
80401201810110000088830804088830
80401201810110000089113804089113
80401201810110000089538804089538
80401201810110000089547804089547
80401201810110000089636804089636
80401201810110000089951804089951
80401201810110000089992804089992
80401201810110000090071804090071
80401201810110000090216804090216
80401201810110000090469804090469
80401201810110000090636804090636
80401201810110000091067804091067
80401201810110000091189804091189
80401201810110000091456804091456
80401201810110000091608804091608
80401201810110000091656804091656
80401201810110000091838804091838
80401201810110000091871804091871
80401201810110000092097804092097
80401201810110000092191804092191
80401201810110000092406804092406
80401201810110000092494804092494
80401201810110000092508804092508
80401201810110000092525804092525
80401201810110000092538804092538
80401201810110000087695804087695
80401201810110000087720804087720
80401201810110000087736804087736
80401201810110000087801804087801
80401201810110000087838804087838
80401201810110000088361804088361
80401201810110000088456804088456
80401201810110000088813804088813
80401201810110000088976804088976
80401201810110000089036804089036
80401201810110000089254804089254
80401201810110000089276804089276
80401201810110000089292804089292
80401201810110000089327804089327
80401201810110000089557804089557
80401201810110000089596804089596
80401201810110000089851804089851
80401201810110000089866804089866
80401201810110000090232804090232
80401201810110000090902804090902
80401201810110000090943804090943
80401201810110000091087804091087
80401201810110000091250804091250
80401201810110000091318804091318
80401201810110000091416804091416
80401201810110000091571804091571
80401201810110000091592804091592
80401201810110000091717804091717
80401201810110000091756804091756
80401201810110000092078804092078
80401201810110000092174804092174
80401201810110000092303804092303
80401201810110000092385804092385
80401201810110000087543804087543
80401201810110000087751804087751
80401201810110000087760804087760
80401201810110000087946804087946
80401201810110000087982804087982
80401201810110000088088804088088
80401201810110000088508804088508
80401201810110000088709804088709
80401201810110000088733804088733
80401201810110000089084804089084
80401201810110000089141804089141
80401201810110000089346804089346
80401201810110000089669804089669
80401201810110000089692804089692
80401201810110000089703804089703
80401201810110000089766804089766
80401201810110000089881804089881
80401201810110000090058804090058
80401201810110000090245804090245
80401201810110000090254804090254
80401201810110000090518804090518
80401201810110000090587804090587
80401201810110000090775804090775
80401201810110000090791804090791
80401201810110000090972804090972
80401201810110000091008804091008
80401201810110000091104804091104
80401201810110000091151804091151
80401201810110000091444804091444
80401201810110000091499804091499
80401201810110000091526804091526
80401201810110000091683804091683
80401201810110000091789804091789
80401201810110000087495804087495
80401201810110000087796804087796
80401201810110000087810804087810
80401201810110000088043804088043
80401201810110000088064804088064
80401201810110000088189804088189
80401201810110000088264804088264
80401201810110000088395804088395
80401201810110000088485804088485
80401201810110000088923804088923
80401201810110000088958804088958
80401201810110000089209804089209
80401201810110000089481804089481
80401201810110000089614804089614
80401201810110000090308804090308
80401201810110000090362804090362
80401201810110000090432804090432
80401201810110000090682804090682
80401201810110000090717804090717
80401201810110000090759804090759
80401201810110000090992804090992
80401201810110000091075804091075
80401201810110000091290804091290
80401201810110000091356804091356
80401201810110000091777804091777
80401201810110000091809804091809
80401201810110000091854804091854
80401201810110000091906804091906
80401201810110000091926804091926
80401201810110000091955804091955
80401201810110000091972804091972
80401201810110000092023804092023
80401201810110000092167804092167
80401201810110000087645804087645
80401201810110000087904804087904
80401201810110000088252804088252
80401201810110000088343804088343
80401201810110000088601804088601
80401201810110000088625804088625
80401201810110000088800804088800
80401201810110000089158804089158
80401201810110000089510804089510
80401201810110000089524804089524
80401201810110000089726804089726
80401201810110000089819804089819
80401201810110000089902804089902
80401201810110000090606804090606
80401201810110000090824804090824
80401201810110000091024804091024
80401201810110000091134804091134
80401201810110000091338804091338
80401201810110000091669804091669
80401201810110000091692804091692
80401201810110000091948804091948
80401201810110000092064804092064
80401201810110000092118804092118
80401201810110000092149804092149
80401201810110000092205804092205
80401201810110000092223804092223
80401201810110000092242804092242
80401201810110000092277804092277
80401201810110000092322804092322
80401201810110000092344804092344
80401201810110000092373804092373
80401201810110000092423804092423
80401201810110000092458804092458
80401201810110000087514804087514
80401201810110000088003804088003
80401201810110000088149804088149
80401201810110000088275804088275
80401201810110000088303804088303
80401201810110000088567804088567
80401201810110000088644804088644
80401201810110000088775804088775
80401201810110000089219804089219
80401201810110000089313804089313
80401201810110000089676804089676
80401201810110000089974804089974
80401201810110000090021804090021
80401201810110000090101804090101
80401201810110000090273804090273
80401201810110000090373804090373
80401201810110000090443804090443
80401201810110000090571804090571
80401201810110000090661804090661
80401201810110000090732804090732
80401201810110000090743804090743
80401201810110000090853804090853
80401201810110000091218804091218
80401201810110000091231804091231
80401201810110000091309804091309
80401201810110000091426804091426
80401201810110000091734804091734
80401201810110000091819804091819
80401201810110000092004804092004
80401201810110000092036804092036
80401201810110000092137804092137
80401201810110000092443804092443
80401201810110000092480804092480
80401201810110000092673804092673
80401201810110000092729804092729
80401201810110000092742804092742
80401201810110000092799804092799
80401201810110000092844804092844
80401201810110000092878804092878
80401201810110000093025804093025
80401201810110000093103804093103
80401201810110000093123804093123
80401201810110000093300804093300
80401201810110000093403804093403
80401201810110000093610804093610
80401201810110000093798804093798
80401201810110000093861804093861
80401201810110000094390804094390
80401201810110000094446804094446
80401201810110000094577804094577
80401201810110000094714804094714
80401201810110000094723804094723
80401201810110000095031804095031
80401201810110000095194804095194
80401201810110000095288804095288
80401201810110000095318804095318
80401201810110000095352804095352
80401201810110000095369804095369
80401201810110000095579804095579
80401201810110000095610804095610
80401201810110000095667804095667
80401201810110000095721804095721
80401201810110000095758804095758
80401201810110000095786804095786
80401201810110000096475804096475
80401201810110000096695804096695
80401201810110000092783804092783
80401201810110000093154804093154
80401201810110000093311804093311
80401201810110000093473804093473
80401201810110000093494804093494
80401201810110000093652804093652
80401201810110000094078804094078
80401201810110000094217804094217
80401201810110000094280804094280
80401201810110000094359804094359
80401201810110000094549804094549
80401201810110000094706804094706
80401201810110000094856804094856
80401201810110000094944804094944
80401201810110000095092804095092
80401201810110000095105804095105
80401201810110000095224804095224
80401201810110000095329804095329
80401201810110000095425804095425
80401201810110000095471804095471
80401201810110000095629804095629
80401201810110000095696804095696
80401201810110000095817804095817
80401201810110000095990804095990
80401201810110000096063804096063
80401201810110000096213804096213
80401201810110000096501804096501
80401201810110000096575804096575
80401201810110000096589804096589
80401201810110000096725804096725
80401201810110000096744804096744
80401201810110000096752804096752
80401201810110000096763804096763
80401201810110000092691804092691
80401201810110000092977804092977
80401201810110000093011804093011
80401201810110000093201804093201
80401201810110000093227804093227
80401201810110000093346804093346
80401201810110000093550804093550
80401201810110000093629804093629
80401201810110000093755804093755
80401201810110000093912804093912
80401201810110000093934804093934
80401201810110000094200804094200
80401201810110000094315804094315
80401201810110000094634804094634
80401201810110000094689804094689
80401201810110000094832804094832
80401201810110000095546804095546
80401201810110000095597804095597
80401201810110000095838804095838
80401201810110000096042804096042
80401201810110000096300804096300
80401201810110000096360804096360
80401201810110000096532804096532
80401201810110000096784804096784
80401201810110000096790804096790
80401201810110000096815804096815
80401201810110000096833804096833
80401201810110000096849804096849
80401201810110000096859804096859
80401201810110000096882804096882
80401201810110000096906804096906
80401201810110000096930804096930
80401201810110000096944804096944
80401201810110000092566804092566
80401201810110000092578804092578
80401201810110000092658804092658
80401201810110000092707804092707
80401201810110000092820804092820
80401201810110000092909804092909
80401201810110000093086804093086
80401201810110000093233804093233
80401201810110000093262804093262
80401201810110000093375804093375
80401201810110000093502804093502
80401201810110000093592804093592
80401201810110000093725804093725
80401201810110000093840804093840
80401201810110000093900804093900
80401201810110000093956804093956
80401201810110000094105804094105
80401201810110000094133804094133
80401201810110000094250804094250
80401201810110000094273804094273
80401201810110000094347804094347
80401201810110000094616804094616
80401201810110000094752804094752
80401201810110000094999804094999
80401201810110000095042804095042
80401201810110000095077804095077
80401201810110000095146804095146
80401201810110000095437804095437
80401201810110000095734804095734
80401201810110000095951804095951
80401201810110000096150804096150
80401201810110000096233804096233
80401201810110000096439804096439
80401201810110000092597804092597
80401201810110000092891804092891
80401201810110000092927804092927
80401201810110000093142804093142
80401201810110000093209804093209
80401201810110000093244804093244
80401201810110000093320804093320
80401201810110000093430804093430
80401201810110000093452804093452
80401201810110000093516804093516
80401201810110000093582804093582
80401201810110000093700804093700
80401201810110000093782804093782
80401201810110000093825804093825
80401201810110000094010804094010
80401201810110000094529804094529
80401201810110000094672804094672
80401201810110000094873804094873
80401201810110000095066804095066
80401201810110000095127804095127
80401201810110000095385804095385
80401201810110000095412804095412
80401201810110000095803804095803
80401201810110000095919804095919
80401201810110000096018804096018
80401201810110000096051804096051
80401201810110000096168804096168
80401201810110000096200804096200
80401201810110000096249804096249
80401201810110000096413804096413
80401201810110000096456804096456
80401201810110000096495804096495
80401201810110000096514804096514
80401201810110000092555804092555
80401201810110000092635804092635
80401201810110000092766804092766
80401201810110000093886804093886
80401201810110000093929804093929
80401201810110000093974804093974
80401201810110000094023804094023
80401201810110000094046804094046
80401201810110000094189804094189
80401201810110000094293804094293
80401201810110000094379804094379
80401201810110000094417804094417
80401201810110000094475804094475
80401201810110000094540804094540
80401201810110000094601804094601
80401201810110000094741804094741
80401201810110000094769804094769
80401201810110000094796804094796
80401201810110000094899804094899
80401201810110000094924804094924
80401201810110000094980804094980
80401201810110000095246804095246
80401201810110000095259804095259
80401201810110000095504804095504
80401201810110000095678804095678
80401201810110000095706804095706
80401201810110000095857804095857
80401201810110000095976804095976
80401201810110000096085804096085
80401201810110000096107804096107
80401201810110000096121804096121
80401201810110000096132804096132
80401201810110000096382804096382
80401201810110000092857804092857
80401201810110000092947804092947
80401201810110000093043804093043
80401201810110000093062804093062
80401201810110000093187804093187
80401201810110000093280804093280
80401201810110000093560804093560
80401201810110000093664804093664
80401201810110000093995804093995
80401201810110000094155804094155
80401201810110000094177804094177
80401201810110000094331804094331
80401201810110000094490804094490
80401201810110000094506804094506
80401201810110000094645804094645
80401201810110000094663804094663
80401201810110000094892804094892
80401201810110000094965804094965
80401201810110000094994804094994
80401201810110000095010804095010
80401201810110000095345804095345
80401201810110000095452804095452
80401201810110000095490804095490
80401201810110000095770804095770
80401201810110000095883804095883
80401201810110000096183804096183
80401201810110000096329804096329
80401201810110000096397804096397
80401201810110000096428804096428
80401201810110000096550804096550
80401201810110000096602804096602
80401201810110000096646804096646
80401201810110000096679804096679
80401201810110000097069804097069
80401201810110000097195804097195
80401201810110000097206804097206
80401201810110000097442804097442
80401201810110000097586804097586
80401201810110000097800804097800
80401201810110000097891804097891
80401201810110000097957804097957
80401201810110000098025804098025
80401201810110000098184804098184
80401201810110000098369804098369
80401201810110000098534804098534
80401201810110000098636804098636
80401201810110000098661804098661
80401201810110000098708804098708
80401201810110000098823804098823
80401201810110000098847804098847
80401201810110000099070804099070
80401201810110000099094804099094
80401201810110000099242804099242
80401201810110000099442804099442
80401201810110000099751804099751
80401201810110000099786804099786
80401201810110000099925804099925
80401201810110000104038804104038
80401201810110000107571804107571
80401201810110000109973804109973
80401201810110000097107804097107
80401201810110000097404804097404
80401201810110000097467804097467
80401201810110000097554804097554
80401201810110000097631804097631
80401201810110000097996804097996
80401201810110000098106804098106
80401201810110000098215804098215
80401201810110000098907804098907
80401201810110000098940804098940
80401201810110000098965804098965
80401201810110000099036804099036
80401201810110000099173804099173
80401201810110000099341804099341
80401201810110000099420804099420
80401201810110000099483804099483
80401201810110000099543804099543
80401201810110000099604804099604
80401201810110000099636804099636
80401201810110000099700804099700
80401201810110000099761804099761
80401201810110000099770804099770
80401201810110000099831804099831
80401201810110000100064804100064
80401201810110000100380804100380
80401201810110000100690804100690
80401201810110000097044804097044
80401201810110000097144804097144
80401201810110000097226804097226
80401201810110000097298804097298
80401201810110000097312804097312
80401201810110000097377804097377
80401201810110000097485804097485
80401201810110000097512804097512
80401201810110000097562804097562
80401201810110000097711804097711
80401201810110000097814804097814
80401201810110000097831804097831
80401201810110000097914804097914
80401201810110000097972804097972
80401201810110000098254804098254
80401201810110000098358804098358
80401201810110000098619804098619
80401201810110000098765804098765
80401201810110000099385804099385
80401201810110000099398804099398
80401201810110000099508804099508
80401201810110000099528804099528
80401201810110000099615804099615
80401201810110000099673804099673
80401201810110000099725804099725
80401201810110000099805804099805
80401201810110000099856804099856
80401201810110000099878804099878
80401201810110000099994804099994
80401201810110000104917804104917
80401201810110000105492804105492
80401201810110000097129804097129
80401201810110000097260804097260
80401201810110000097338804097338
80401201810110000097453804097453
80401201810110000097542804097542
80401201810110000097571804097571
80401201810110000097608804097608
80401201810110000097840804097840
80401201810110000097856804097856
80401201810110000097906804097906
80401201810110000098275804098275
80401201810110000098296804098296
80401201810110000098345804098345
80401201810110000098421804098421
80401201810110000098593804098593
80401201810110000098689804098689
80401201810110000098778804098778
80401201810110000098979804098979
80401201810110000099044804099044
80401201810110000099056804099056
80401201810110000099129804099129
80401201810110000099564804099564
80401201810110000099890804099890
80401201810110000100010804100010
80401201810110000100107804100107
80401201810110000103679804103679
80401201810110000104618804104618
80401201810110000107228804107228
80401201810110000107879804107879
80401201810110000108192804108192
80401201810110000108758804108758
80401201810110000109042804109042
80401201810110000097095804097095
80401201810110000097661804097661
80401201810110000098228804098228
80401201810110000098498804098498
80401201810110000098551804098551
80401201810110000098575804098575
80401201810110000098695804098695
80401201810110000098954804098954
80401201810110000099120804099120
80401201810110000099184804099184
80401201810110000099652804099652
80401201810110000099959804099959
80401201810110000101543804101543
80401201810110000106368804106368
80401201810110000106617804106617
80401201810110000096952804096952
80401201810110000096974804096974
80401201810110000097165804097165
80401201810110000097754804097754
80401201810110000097928804097928
80401201810110000098121804098121
80401201810110000098196804098196
80401201810110000098263804098263
80401201810110000098606804098606
80401201810110000098884804098884
80401201810110000099208804099208
80401201810110000099263804099263
80401201810110000099363804099363
80401201810110000099408804099408
80401201810110000099467804099467
80401201810110000101280804101280
80401201810110000101852804101852
80401201810110000102168804102168
80401201810110000105236804105236
80401201810110000106902804106902
80401201810110000109610804109610
80401201810110000097017804097017
80401201810110000097178804097178
80401201810110000097650804097650
80401201810110000097680804097680
80401201810110000097873804097873
80401201810110000098010804098010
80401201810110000098241804098241
80401201810110000098440804098440
80401201810110000098461804098461
80401201810110000098732804098732
80401201810110000099011804099011
80401201810110000099152804099152
80401201810110000099288804099288
80401201810110000099301804099301
80401201810110000099312804099312
80401201810110000099323804099323
80401201810110000099687804099687
80401201810110000099974804099974
80401201810110000100024804100024
80401201810110000100212804100212
80401201810110000102470804102470
80401201810110000102781804102781
80401201810110000106095804106095
80401201810110000108496804108496
80401201810110000109355804109355
80401201810110000097244804097244
80401201810110000097284804097284
80401201810110000097497804097497
80401201810110000097522804097522
80401201810110000098053804098053
80401201810110000098080804098080
80401201810110000098165804098165
80401201810110000098317804098317
80401201810110000098392804098392
80401201810110000098808804098808
80401201810110000098926804098926
80401201810110000099664804099664
80401201810110000099904804099904
80401201810110000100038804100038
80401201810110000100986804100986
80401201810110000103050804103050
80401201810110000103381804103381
80401201810110000104313804104313
80401201810110000105767804105767